c11 <- 1
c12 <- 2
b1 <- 3
c21 <- 4
c22 <- 5
b2 <- 6

y <- (c21*x - c11*x + b1 - b2)/(c12 - c22)
#x <- 
  
